1 1 1
2 1 1
3 1 1
4 1 1
5 1 1
6 1 1
7 1 1
8 1 1
9 4 1
10 2 1
11 2 1
12 1 1
13 2 2
14 2 1
15 1 1
16 2 1
17 2 1
18 2 1
19 3 1
20 2 3
21 2 2
22 2 2
23 4 3
24 4 3
25 4 3
26 1 2
27 1 2
28 3 1
29 3 2
30 3 1
31 4 1
32 4 1
33 3 3
34 3 3
35 1 1
36 4 1
37 1 1
38 2 1
39 2 3
40 2 3
41 2 2
42 2 2
43 2 2
44 4 3
45 2 1
46 3 1
47 4 3
48 2 2
49 4 3
50 1 1
51 3 1
52 4 3
53 1 1
54 3 1
55 1 1
56 4 3
57 3 2
58 1 2
59 3 2
60 4 3
61 3 1
62 4 3
63 3 2
64 1 2
65 3 2
66 4 2
67 1 2
68 3 2
69 1 2
70 1 2
71 3 1
72 3 1
73 1 2
74 3 1
75 1 1
76 3 2
77 3 1
78 2 2
79 1 1
80 3 1
81 2 2
82 3 3
83 4 3
84 4 1
85 2 2
86 1 1
87 2 2
88 3 1
89 4 1
90 3 1
91 3 1
92 3 1
93 2 2
94 1 1
95 2 2
96 3 1
97 4 1
98 2 2
99 1 1
100 4 1
101 2 2
102 4 1
103 4 1
104 2 2
105 1 1
106 2 2
107 1 1
108 1 1
109 2 2
110 3 1
111 1 1
112 1 1
113 2 2
114 2 2
115 1 1
116 3 1
117 4 1
118 1 1
119 2 2
120 4 1
121 2 2
122 2 2
123 3 1
124 3 1
125 2 2
126 4 2
127 3 2
128 1 2
129 4 2
130 4 2
131 3 2
132 2 2
133 1 2
134 3 2
135 2 2
136 2 2
137 4 2
138 1 2
139 3 2
