1 I 0 80000
2 P 200 64000
3 B 400 32000
4 P 600 64000
5 B 800 32000
6 P 1000 64000
7 B 1200 32000
8 B 1400 32000
9 P 1600 64000
10 B 1800 32000
11 B 2000 32000
12 P 2200 64000
13 B 2400 32000
14 B 2600 32000
15 P 2800 64000
16 B 3000 32000
17 I 3200 80000
18 P 3400 64000
19 B 3600 32000
20 P 3800 64000
21 B 4000 32000
22 P 4200 64000
23 B 4400 32000
24 B 4600 32000
25 P 4800 64000
26 B 5000 32000
27 I 5200 80000
28 P 5400 64000
29 B 5600 32000
30 P 5800 64000
31 B 6000 32000
32 P 6200 64000
33 B 6400 32000
34 B 6600 32000
35 P 6800 64000
36 B 7000 32000
37 B 7200 32000
38 P 7400 64000
39 B 7600 32000
40 B 7800 32000
41 P 8000 64000
42 B 8200 32000
43 I 8400 80000
44 P 8600 64000
45 B 8800 32000
46 P 9000 64000
47 B 9200 32000
48 P 9400 64000
49 B 9600 32000
50 B 9800 32000
51 P 10000 64000
52 B 10200 32000
53 I 10400 80000
54 P 10600 64000
55 B 10800 32000
56 P 11000 64000
57 B 11200 32000
58 P 11400 64000
59 B 11600 32000
60 B 11800 32000
61 P 12000 64000
62 B 12200 32000
63 B 12400 32000
64 P 12600 64000
65 B 12800 32000
66 B 13000 32000
67 P 13200 64000
68 B 13400 32000
69 I 13600 80000
70 P 13800 64000
71 B 14000 32000
72 P 14200 64000
73 B 14400 32000
74 P 14600 64000
75 B 14800 32000
76 B 15000 32000
77 P 15200 64000
78 B 15400 32000
79 I 15600 80000
80 P 15800 64000
81 B 16000 32000
82 P 16200 64000
83 B 16400 32000
84 P 16600 64000
85 B 16800 32000
86 B 17000 32000
87 P 17200 64000
88 B 17400 32000
89 B 17600 32000
90 P 17800 64000
91 B 18000 32000
92 B 18200 32000
93 P 18400 64000
94 B 18600 32000
95 I 18800 80000
96 P 19000 64000
97 B 19200 32000
98 P 19400 64000
99 B 19600 32000
100 P 19800 64000
101 B 20000 32000
102 B 20200 32000
103 P 20400 64000
104 B 20600 32000
105 I 20800 80000
106 P 21000 64000
107 B 21200 32000
108 P 21400 64000
109 B 21600 32000
110 P 21800 64000
111 B 22000 32000
112 B 22200 32000
113 P 22400 64000
114 B 22600 32000
115 B 22800 32000
116 P 23000 64000
117 B 23200 32000
118 B 23400 32000
119 P 23600 64000
120 B 23800 32000
121 I 24000 80000
122 P 24200 64000
123 B 24400 32000
124 P 24600 64000
125 B 24800 32000
126 P 25000 64000
127 B 25200 32000
128 B 25400 32000
129 P 25600 64000
130 B 25800 32000
131 I 26000 80000
132 P 26200 64000
133 B 26400 32000
134 P 26600 64000
135 B 26800 32000
136 P 27000 64000
137 B 27200 32000
138 B 27400 32000
139 P 27600 64000
140 B 27800 32000
141 B 28000 32000
142 P 28200 64000
143 B 28400 32000
144 B 28600 32000
145 P 28800 64000
146 B 29000 32000
147 I 29200 80000
148 P 29400 64000
149 B 29600 32000
150 P 29800 64000
151 B 30000 32000
152 P 30200 64000
153 B 30400 32000
154 B 30600 32000
155 P 30800 64000
156 B 31000 32000
157 I 31200 80000
158 P 31400 64000
159 B 31600 32000
160 P 31800 64000
161 B 32000 32000
162 P 32200 64000
163 B 32400 32000
164 B 32600 32000
165 P 32800 64000
166 B 33000 32000
167 B 33200 32000
168 P 33400 64000
169 B 33600 32000
170 B 33800 32000
171 P 34000 64000
172 B 34200 32000
173 I 34400 80000
174 P 34600 64000
175 B 34800 32000
176 P 35000 64000
177 B 35200 32000
178 P 35400 64000
179 B 35600 32000
180 B 35800 32000
181 P 36000 64000
182 B 36200 32000
183 I 36400 80000
184 P 36600 64000
185 B 36800 32000
186 P 37000 64000
187 B 37200 32000
188 P 37400 64000
189 B 37600 32000
190 B 37800 32000
191 P 38000 64000
192 B 38200 32000
193 B 38400 32000
194 P 38600 64000
195 B 38800 32000
196 B 39000 32000
197 P 39200 64000
198 B 39400 32000
199 I 39600 80000
200 P 39800 64000
201 B 40000 32000
202 P 40200 64000
203 B 40400 32000
204 P 40600 64000
205 B 40800 32000
206 B 41000 32000
207 P 41200 64000
208 B 41400 32000
209 I 41600 80000
210 P 41800 64000
211 B 42000 32000
212 P 42200 64000
213 B 42400 32000
214 P 42600 64000
215 B 42800 32000
216 B 43000 32000
217 P 43200 64000
218 B 43400 32000
219 B 43600 32000
220 P 43800 64000
221 B 44000 32000
222 B 44200 32000
223 P 44400 64000
224 B 44600 32000
225 I 44800 80000
226 P 45000 64000
227 B 45200 32000
228 P 45400 64000
229 B 45600 32000
230 P 45800 64000
231 B 46000 32000
232 B 46200 32000
233 P 46400 64000
234 B 46600 32000
235 I 46800 80000
236 P 47000 64000
237 B 47200 32000
238 P 47400 64000
239 B 47600 32000
240 P 47800 64000
241 B 48000 32000
242 B 48200 32000
243 P 48400 64000
244 B 48600 32000
245 B 48800 32000
246 P 49000 64000
247 B 49200 32000
248 B 49400 32000
249 P 49600 64000
250 B 49800 32000
251 I 50000 80000
252 P 50200 64000
253 B 50400 32000
254 P 50600 64000
255 B 50800 32000
256 P 51000 64000
257 B 51200 32000
258 B 51400 32000
259 P 51600 64000
260 B 51800 32000
261 I 52000 80000
262 P 52200 64000
263 B 52400 32000
264 P 52600 64000
265 B 52800 32000
266 P 53000 64000
267 B 53200 32000
268 B 53400 32000
269 P 53600 64000
270 B 53800 32000
271 B 54000 32000
272 P 54200 64000
273 B 54400 32000
274 B 54600 32000
275 P 54800 64000
276 B 55000 32000
277 I 55200 80000
278 P 55400 64000
279 B 55600 32000
280 P 55800 64000
281 B 56000 32000
282 P 56200 64000
283 B 56400 32000
284 B 56600 32000
285 P 56800 64000
286 B 57000 32000
287 I 57200 80000
288 P 57400 64000
289 B 57600 32000
290 P 57800 64000
291 B 58000 32000
292 P 58200 64000
293 B 58400 32000
294 B 58600 32000
295 P 58800 64000
296 B 59000 32000
297 B 59200 32000
298 P 59400 64000
299 B 59600 32000
300 B 59800 32000
301 P 60000 64000
302 B 60200 32000
303 I 60400 80000
304 P 60600 64000
305 B 60800 32000
306 P 61000 64000
307 B 61200 32000
308 P 61400 64000
309 B 61600 32000
310 B 61800 32000
311 P 62000 64000
312 B 62200 32000
313 I 62400 80000
314 P 62600 64000
315 B 62800 32000
316 P 63000 64000
317 B 63200 32000
318 P 63400 64000
319 B 63600 32000
320 B 63800 32000
321 P 64000 64000
322 B 64200 32000
323 B 64400 32000
324 P 64600 64000
325 B 64800 32000
326 B 65000 32000
327 P 65200 64000
328 B 65400 32000
329 I 65600 80000
330 P 65800 64000
331 B 66000 32000
332 P 66200 64000
333 B 66400 32000
334 P 66600 64000
335 B 66800 32000
336 B 67000 32000
337 P 67200 64000
338 B 67400 32000
339 I 67600 80000
340 P 67800 64000
341 B 68000 32000
342 P 68200 64000
343 B 68400 32000
344 P 68600 64000
345 B 68800 32000
346 B 69000 32000
347 P 69200 64000
348 B 69400 32000
349 B 69600 32000
350 P 69800 64000
351 B 70000 32000
352 B 70200 32000
353 P 70400 64000
354 B 70600 32000
355 I 70800 80000
356 P 71000 64000
357 B 71200 32000
358 P 71400 64000
359 B 71600 32000
360 P 71800 64000
361 B 72000 32000
362 B 72200 32000
363 P 72400 64000
364 B 72600 32000
365 I 72800 80000
366 P 73000 64000
367 B 73200 32000
368 P 73400 64000
369 B 73600 32000
370 P 73800 64000
371 B 74000 32000
372 B 74200 32000
373 P 74400 64000
374 B 74600 32000
375 B 74800 32000
376 P 75000 64000
377 B 75200 32000
378 B 75400 32000
379 P 75600 64000
380 B 75800 32000
381 I 76000 80000
382 P 76200 64000
383 B 76400 32000
384 P 76600 64000
385 B 76800 32000
386 P 77000 64000
387 B 77200 32000
388 B 77400 32000
389 P 77600 64000
390 B 77800 32000
391 I 78000 80000
392 P 78200 64000
393 B 78400 32000
394 P 78600 64000
395 B 78800 32000
396 P 79000 64000
397 B 79200 32000
398 B 79400 32000
399 P 79600 64000
400 B 79800 32000
401 B 80000 32000
402 P 80200 64000
403 B 80400 32000
404 B 80600 32000
405 P 80800 64000
406 B 81000 32000
407 I 81200 80000
408 P 81400 64000
409 B 81600 32000
410 P 81800 64000
411 B 82000 32000
412 P 82200 64000
413 B 82400 32000
414 B 82600 32000
415 P 82800 64000
416 B 83000 32000
417 I 83200 80000
418 P 83400 64000
419 B 83600 32000
420 P 83800 64000
421 B 84000 32000
422 P 84200 64000
423 B 84400 32000
424 B 84600 32000
425 P 84800 64000
426 B 85000 32000
427 B 85200 32000
428 P 85400 64000
429 B 85600 32000
430 B 85800 32000
431 P 86000 64000
432 B 86200 32000
433 I 86400 80000
434 P 86600 64000
435 B 86800 32000
436 P 87000 64000
437 B 87200 32000
438 P 87400 64000
439 B 87600 32000
440 B 87800 32000
441 P 88000 64000
442 B 88200 32000
443 I 88400 80000
444 P 88600 64000
445 B 88800 32000
446 P 89000 64000
447 B 89200 32000
448 P 89400 64000
449 B 89600 32000
450 B 89800 32000
451 P 90000 64000
452 B 90200 32000
453 B 90400 32000
454 P 90600 64000
455 B 90800 32000
456 B 91000 32000
457 P 91200 64000
458 B 91400 32000
459 I 91600 80000
460 P 91800 64000
461 B 92000 32000
462 P 92200 64000
463 B 92400 32000
464 P 92600 64000
465 B 92800 32000
466 B 93000 32000
467 P 93200 64000
468 B 93400 32000
469 I 93600 80000
470 P 93800 64000
471 B 94000 32000
472 P 94200 64000
473 B 94400 32000
474 P 94600 64000
475 B 94800 32000
476 B 95000 32000
477 P 95200 64000
478 B 95400 32000
479 B 95600 32000
480 P 95800 64000
481 B 96000 32000
482 B 96200 32000
483 P 96400 64000
484 B 96600 32000
485 I 96800 80000
486 P 97000 64000
487 B 97200 32000
488 P 97400 64000
489 B 97600 32000
490 P 97800 64000
491 B 98000 32000
492 B 98200 32000
493 P 98400 64000
494 B 98600 32000
495 I 98800 80000
496 P 99000 64000
497 B 99200 32000
498 P 99400 64000
499 B 99600 32000
500 P 99800 64000
501 B 100000 32000
502 B 100200 32000
503 P 100400 64000
504 B 100600 32000
505 B 100800 32000
506 P 101000 64000
507 B 101200 32000
508 B 101400 32000
509 P 101600 64000
510 B 101800 32000
511 I 102000 80000
512 P 102200 64000
513 B 102400 32000
514 P 102600 64000
515 B 102800 32000
516 P 103000 64000
517 B 103200 32000
518 B 103400 32000
519 P 103600 64000
520 B 103800 32000
521 I 104000 80000
522 P 104200 64000
523 B 104400 32000
524 P 104600 64000
525 B 104800 32000
526 P 105000 64000
527 B 105200 32000
528 B 105400 32000
529 P 105600 64000
530 B 105800 32000
531 B 106000 32000
532 P 106200 64000
533 B 106400 32000
534 B 106600 32000
535 P 106800 64000
536 B 107000 32000
537 I 107200 80000
538 P 107400 64000
539 B 107600 32000
540 P 107800 64000
541 B 108000 32000
542 P 108200 64000
543 B 108400 32000
544 B 108600 32000
545 P 108800 64000
546 B 109000 32000
547 I 109200 80000
548 P 109400 64000
549 B 109600 32000
550 P 109800 64000
551 B 110000 32000
552 P 110200 64000
553 B 110400 32000
554 B 110600 32000
555 P 110800 64000
556 B 111000 32000
557 B 111200 32000
558 P 111400 64000
559 B 111600 32000
560 B 111800 32000
561 P 112000 64000
562 B 112200 32000
563 I 112400 80000
564 P 112600 64000
565 B 112800 32000
566 P 113000 64000
567 B 113200 32000
568 P 113400 64000
569 B 113600 32000
570 B 113800 32000
571 P 114000 64000
572 B 114200 32000
573 I 114400 80000
574 P 114600 64000
575 B 114800 32000
576 P 115000 64000
577 B 115200 32000
578 P 115400 64000
579 B 115600 32000
580 B 115800 32000
581 P 116000 64000
582 B 116200 32000
583 B 116400 32000
584 P 116600 64000
585 B 116800 32000
586 B 117000 32000
587 P 117200 64000
588 B 117400 32000
589 I 117600 80000
590 P 117800 64000
591 B 118000 32000
592 P 118200 64000
593 B 118400 32000
594 P 118600 64000
595 B 118800 32000
596 B 119000 32000
597 P 119200 64000
598 B 119400 32000
599 I 119600 80000
600 P 119800 64000
601 B 120000 32000
